






0TF00T00O00S00F000T00T0FO00ST00000M0RT0000TF0S000O00S0000M0R0T00T0FO00S00000M0RT000000MTF0000O00S0000M0R0T00T0FO00S00000000TF00T00O00S00F000T00T0FO00ST00000M0RT0000TF0S000O00S0000M0R0T00T0FO00S00000M0RT000000MTF0000O00S0000M0R0T00T0FO00S0000000
222222222221 1222222222222222222222221111122212222222222222222222222222222222222222212222222222222222222222222221111122222222222222221 1222222222222222222222221111122212222222222222222222222222222222222222212222222222222222222222222221111122222
111111111331 1111111111111111111111111111111111133111111111111111111111111111111111111133111111111111111111111111111111111111111111331 1111111111111111111111111111111111133111111111111111111111111111111111111133111111111111111111111111111111111
